((("random" .
   [2 0 0 0 0 0])
  ("floor" .
   [1 0 0 0 0])
  ("cumret" .
   [2 0 0 0 0 0])
  ("vol" .
   [1 0 0])
  ("bestVol" .
   [1 0 0 0 0 0 0])
  ("avgRet" .
   [1 0 0 0 0 0])
  ("bestAvgRet" .
   [1 0 0 0 0 0 0 0 0 0])
  ("sharpe" .
   [1 0 0 0 0 0])
  ("optimizer" .
   [1 0 0 0 0 0 0 0 0])
  ("getData" .
   [2 0 0 0 0 0 0])
  ("na_price" .
   [3 0 0 0 0 0 0 0])
  ("fillna" .
   [2 0 0 0 0 0])
  ("s_key" .
   [2 0 0 0 0])
  ("s_keys" .
   [0 0 0 0 0 1])
  ("d_data" .
   [7 0 0 0 0 0])
  ("package" .
   [1 0 0 0 0 0 0])
  ("reduce" .
   [1 0 0 0 0 0])
  ("head" .
   [1 0 0 0])
  ("helm" .
   [1 0 0 0])
  ("level" .
   [1 0 0 0 0])
  ("newnode" .
   [1 0 0 0 0 0 0])
  ("Printf" .
   [1 0 0 0 0 0])
  ("float64" .
   [1 0 0 0 0 0 0])
  ("Abs" .
   [1 0 0])
  ("Println" .
   [1 0 0 0 0 0 0])
  ("rdSum" .
   [3 0 0 0 0])
  ("ldSum" .
   [3 0 0 0 0])
  ("u" .
   [1])
  ("into" .
   [1 0 0 0])
  ("number" .
   [13 0 0 0 0 0])
  ("num" .
   [1 0 0])
  ("Scan" .
   [3 0 0 0])
  ("n" .
   [17])
  ("main" .
   [1 0 0 0])
  ("g" .
   [1])
  ("p" .
   [1])
  ("int" .
   [6 0 0])
  ("v" .
   [7])
  ("i" .
   [15])
  ("make" .
   [4 0 0 0])
  ("go-autocomplete" .
   [0 0 0 0 0 0 0 1 0 0 0 0 0 0 0])
  ("targetNode" .
   [1 0 0 1 0 0 0 0 0 0])
  ("k" .
   [3])
  ("string" .
   [1 0 0 0 0 0])
  ("the" .
   [1 0 0])
  ("1+" .
   [2 0])
  ("pos" .
   [2 0 0])
  ("elt" .
   [2 0 0])
  ("line" .
   [2 0 0 0])
  ("let*" .
   [1 0 0 0])
  ("aux" .
   [4 0 0])
  ("let" .
   [1 0 0])
  ("lambda" .
   [4 0 0 0 0 0])
  ("result" .
   [1 0 0 0 0 0])
  ("reverse" .
   [1 0 0 0 0 0 0])
  ("funcall" .
   [2 0 0 0 0 0 0])
  ("nil" .
   [5 0 0])
  ("car" .
   [4 0 0])
  ("cdr" .
   [2 0 0])
  ("progn" .
   [1 0 0 0 0])
  ("a" .
   [1])
  ("acc" .
   [2 0 0])
  ("file" .
   [2 0 0 0])
  ("last" .
   [1 0 0 0])
  ("cadr" .
   [1 0 0 0])
  ("dt_start" .
   [4 0 0 0 0 0 0 0])
  ("dt_end" .
   [5 0 0 0 0 0])
  ("ls_symbols" .
   [3 0 0 0 0 0 0 0 0 0])
  ("DataAccess" .
   [0 0 0 0 1 0 0 0 0 0])
  ("c_dataobj" .
   [1 0 0 0 0 0 0 0 0])
  ("ls_keys" .
   [1 0 1 0 0 0 0])
  ("ldf_data" .
   [1 0 0 0 0 0 0 0])
  ("poplib" .
   [0 0 0 1 0 0])))
